1282573233
-1088841216
-1071921306
-1077109136
609647011
1198311618
671139099
-754298134
-51749971
398992350
-195155548
-614160648
-608996728
-1217340911
1937769520
-209868475
290220570
350671635
1278699405
-1115886032
-2072984102
1962660194
384505491
1961462972
329337723
-600888446
-407968190
-782427819
-1772110753
1474980325
-395786986
-675120744
-990796102
80092463
-1243503640
1307770816
155912164
-1946152099
2092650802
159238961
-1530408717
233204126
1504112340
1063270568
-657649630
1083707471
-13863477
-1572524735
-797718372
273829557
-276379299
-1127082687
-1799645587
804445168
312665098
-686879996
-55191381
-1756426712
380758536
-1767441606
1741279127
-141725177
1203445739
-1945129557
-1882750375
763077
-101053971
-289763080
-1368873384
457712835
-1397920121
-1200565072
789253966
-1845313140
109600831
-794118584
2020379306
-1932552775
1625501283
1043377070
954263887
553536728
39103065
-1573716097
715834852
886976075
-1139486105
-2026297588
-1294481073
-1134353901
1112598418
774721714
1988220376
447109275
-923346108
1074380851
-140278795
1329650729
-2104732964
-1077431803
-607167308
-1237227458
592294804
-309562873
2064495706
-1048411505
1581023405
1086374959
1024286014
-646976952
-204524196
1925973424
626112044
-1263558394
-1247514432
-139597112
1739685052
-2056977054
1457967241
1975976014
-443458737
-369889284
-1566083515
789424817
-2077861104
1104750814
-1860067150
561544360
710296130
-941683576
201902617
-54608988
-159125250
1590564287
-1314690931
-1225018302
-425479877
-491533403
1102141061
1380212526
347042575
1825892316
-1417628267
-135001522
-178824119
1606956979
-413280369
873249797
-967272975
-6472370
-2062541197
1329922910
-1611317218
1534212845
-905091869
-1973104977
1106380288
-1997554082
-210128995
1800606977
-1612623052
-699149258
-1191101434
-1049237440
-1592650812
439636101
-814261591
816380360
-164344439
1287517077
1972143932
317089554
1242475670
1923317881
-1651721747
1962538462
2006774214
868736680
-373674398
531829131
1384163647
-2073282588
-581556135
-201479622
650686272
-1340175122
-458294900
-421522168
-1345643252
1583793676
-1247098138
94443733
984310045
-761745465
1997232331
493395964
1905677930
-568734931
1900838644
1639167905
-1147241737
-712539592
-231582764
-1551413249
420624816
1283481904
-2012370531
1362752809
1982516187
761492232
1386783751
-785555493
18484732
119837530
-1397477969
-1549581581
1141582961
1412410787
-1606451300
-1965636491
1717465288
990744004
395682961
-762752152
1977850865
-176326726
-405917225
-891139469
1487950133
1441386649
-870697313
-1470318883
1354494440
175887156
260013604
811197992
994236039
-1542552140
897267090
-1004401048
1322359409
184535543
-2016838997
-1063629934
-1661800909
-1753009265
641128908
-2025910566
-1705613195
-934876813
380991687
1303852788
-325745271
1654869303
2005865727
1738976304
1333554632
335060203
401782856
2128187824
-933900216
1708327620
149700557
21814849
-1065163401
1809297587
-347011974
1371165401
1695045374
782921392
1463252638
-1667119633
-1730039330
503837005
327835622
1332428340
-748283885
1665550913
1148090902
-420972804
1575436689
-1872010000
-2109923291
1622344733
-1473429674
-758890981
1575691820
209289709
1386418549
914772644
-1321864103
-314526202
-2110128475
659928088
-1138819542
-1940963598
315897227
-1545970340
743258706
1329015440
-223192919
-51528784
1117607052
-85905518
1023382551
77354126
677167553
1916181531
-1198109054
-460370895
-429106254
-2047187438
-1199017280
1122853350
1653765545
-582830735
-1343292059
-962637609
1896921518
1472979050
1311080027
-1929540582
-1708036032
-1020802675
1064382767
-684326081
1142035035
-2033793307
1425352926
363117430
18346111
-1036216485
-260317017
645423382
-954453982
-841210146
1950942551
1228945991
801012615
2002730000
1961185889
-1541396165
-1777420882
2122972142
6732968
-331245525
1836506628
474808639
787658745
1794152011
1259602080
-643487509
838918463
988714184
-2093252103
-1180397021
2061136254
489191467
108823988
-208942360
-1984630322
1260339035
1517347881
-1754556334
-1238542344
1588503426
354760740
-89336944
-1172266159
-1890909339
786366377
-639143980
6907607
-293391512
-617278817
54898849
-90923173
1506034750
1660701952
520794189
-1540367574
1625087654
1515495484
1065554711
-127341850
1722577318
1837324036
-459676998
-723292230
451601502
-324242380
-515316180
-1126306973
-1199710398
409077706
1401560718
1777502547
41513110
1378072457
-1670190743
-667025386
-1800855639
1723001810
1333412860
-1542842501
-581040618
-1874569780
509523421
272789004
-1116464985
18146379
1524048040
1128118176
717343627
-1154629941
-1129811292
337369810
1857879733
467407749
2066174555
1904439002
-1112204618
1427569906
-1178647746
335401126
1479506688
-581739987
-172899302
689308379
-1702670514
1872815358
1758191133
-1584922667
-1945793904
-1745856081
-227505329
-1313679981
-768343269
-1619203585
-1678050722
-1865359399
994241131
-472328083
-1349422841
1764238270
-1426216229
-614884649
-1768795083
-1828643081
-371562268
-2058566496
1267604379
-1241102120
-1272036509
-95171829
-1663879080
-263113250
1568415463
587547250
1897245238
1783520534
832841072
1126327628
-1604834852
-706064883
-1460371542
192889980
-2112771895
1700715818
-1921797104
-1500306445
-1343806932
-2143613429
1432962543
138049833
742081008
160044233
-609004292
-1230087494
1711852571
540315169
2017299586
1265728824
-285692458
149047015
314650988
-628119637
1400112146
474363059
-1148072290
1728577112
-1952304951
-224510557
2122618154
-53563041
-811064328
-1551158367
-288877783
-1961548168
-708259607